(01) [The Doors] Hello, I Love You|0,569816461294537|0,179777644231673|0,0796389940814985|0,0164226171901219|3286,45953482484|483,504260992222|3933,22159751816|367,806615814972
(02) [The Doors] Light My Fire|0,578494687548419|0,120741665329065|0,102519331504116|0,0211737612277748|3182,96256418167|353,507369775426|3139,88886035395|185,017386551228
(03) [The Doors] People Are Strange|0,456235013695073|0,184088186613505|0,0693666523050409|0,0172182896617357|3428,86424122813|723,253318034243|3475,00037448557|633,939151671586
(04) [The Doors] Love Me Two Times|0,42204927671946|0,18046610731596|0,0990271888251434|0,0246960651739603|3595,29928314345|679,304363361235|3605,04426750737|462,191127850999
(05) [The Doors] Riders on the Storm|0,451787589568138|0,222274521383167|0,0598653030680968|0,0197627332612481|4139,14924750525|873,760523690111|5137,1939748693|571,438086180113
(06) [The Doors] Break on Through|0,759774425695425|0,172796532392692|0,0866006031882809|0,0235356966757899|2707,42961716199|386,364202937949|2902,11140821356|363,922674072894
(07) [The Doors] Roadhouse Blues (Live)|0,36545820501689|0,21425566358573|0,0695934148166625|0,0215909642597842|3563,44921104886|587,676119238898|4106,68824939566|673,036064374263
(08) [The Doors] Touch Me|0,661129795142115|0,161786768922106|0,117576362275789|0,024186087396547|3640,36704753733|483,491605080984|3517,58440509579|310,605331852638
(09) [The Doors] L.A. Woman|0,485496683729595|0,181788378991319|0,0696387673189868|0,0150460807917352|3167,21783564567|565,631160259647|4304,43898128517|408,446562643197
(10) [The Doors] Love Her Madly|0,507491008147658|0,18485300006239|0,0651488695888796|0,0169831287846399|4255,80817241563|515,623964789317|4367,16776293832|477,964577503762
(11) [The Doors] Ghost Song|0,553871714999614|0,174757241200156|0,0320415428921291|0,0199106447080073|2994,60755590016|799,989805302048|4089,10549542622|514,371121778713
(12) [The Doors] The End|0,0972758416659498|0,23479774048817|0,167940316106941|0,0408330396725744|5469,23446163312|1308,10342745779|3430,52332383506|727,832149954433
01 - Back In The U.S.S.R.|0,816582865540788|0,195133302678053|0,0332815966832988|0,0265109736975892|3407,93669334349|1773,45680262541|4256,82071701156|1082,95978342269
01 - Eric Clapton - Signe|0,753643439510473|0,183723855323477|0,0494795800358285|0,0301494513050577|5929,527307919|1122,31561604249|6043,47739877538|1107,17458481382
01 - Fight Fire with Fire|0,88886328903301|0,264450660356623|0,0502505234429525|0,0104219838270858|4459,7618272636|683,82039665567|4969,11237616032|472,565245850704
01 - Nocturne Op. 9 No. 1 in B flat minor - Larghetto|0,687409478323756|0,204232136153496|0,0261910700922923|0,00741729000816171|NaN|NaN|NaN|NaN
01 - Purple Haze|0,668303128929409|0,205919485743552|0,0805460441279848|0,0218326797439458|3121,83607799803|600,093838579946|3232,06418532948|448,823962714217
01 - Superfast Jellyfish|0,787800242497658|0,248312795861993|0,0805913966303091|0,0283334428209592|4675,92539149227|947,672537801119|5351,48867028644|810,071001865259
01 - The View From The Afternoon|0,85149419494211|0,220280245214379|0,0790267353001202|0,0246174538505611|3340,2637168973|712,904444031406|4030,77482566686|693,537684331679
01 Blue Train|0,551330369171851|0,124864838542466|0,0706049021343972|0,0235349545146733|1986,07427144765|NaN|4534,88296131186|NaN
01 The Upsetter|0,76095741515275|0,183125216267108|0,0161228145762942|0,0422120019345573|2523,40403600392|1063,91358631098|4142,59310474276|449,985982059925
01. Speak to Me|0,951926584464308|0,310503758726624|0,0160321095716456|0,0149282823986708|NaN|NaN|NaN|NaN
02 - Dear Prudence|0,577390537346474|0,268579111452608|0,0213023052323462|0,0146668047275751|2554,97125358335|780,445413108634|4136,99437679744|623,732628562161
02 - Eric Clapton - Before You Accuse Me|0,50235656204407|0,184300271949009|0,0454205310778022|0,0268835198516919|2879,36345872497|799,907797964252|4385,25977767648|649,135241670954
02 - Hey Joe|0,725348064465655|0,184969069726583|0,058028526723962|0,0131321748965432|3212,23892221455|645,980808339079|3172,7138936035|500,951873083417
02 - I Bet You Look Good On The Dancefloor|0,772453464514071|0,135195772603344|0,0583459942402322|0,0174750566655832|3107,58964670077|527,52569669112|4199,97461513364|409,445976046625
02 - Nocturne Op. 9 No. 2 in E flat major - Andante|0,529872263121814|0,179846465907406|0,0190480509762126|0,0102150148406917|1068,53377183997|344,419544447846|2308,53753753794|740,083916532806
02 - Ride the Lightning|0,789731657032913|0,108571722687446|0,0468650715111616|0,0091722024333382|4055,74729221497|1482,13465870626|4780,85776621299|630,097970591936
02 - Rockit|0,864383705614877|0,232188901261897|0,122927957550058|0,0659362850078365|NaN|NaN|NaN|NaN
02 I'm Aquarius|0,818342362968147|0,202982704816233|0,0319508378874804|0,0904164921832209|3398,87367573053|1782,8857321798|4215,09259383137|455,312002249031
02 Moment's Notice|0,454976715293503|0,113898749648822|0,044271294492651|0,0155650265254263|5132,25385494953|1001,17408042819|7518,97132804616|720,868149031957
02. Breathe|0,212292998439035|0,203185168055084|0,0280958751899136|0,00857406970906884|3658,60482875998|657,078203659191|4161,20007070129|725,514147593069
03 - Crosstown Traffic|0,762283446513554|0,27288920869185|0,118029887299032|0,0126231081226968|2914,43309891352|242,346559699648|2762,74749194717|254,175640751259
03 - Eric Clapton - Hey Hey|0,644839052407051|0,123361477536288|0,0492981700265312|0,0313267778913196|3344,54167296619|899,959999053462|5224,91801206732|757,282048108988
03 - Fake Tales Of San Francisco|0,436614832818473|0,199784605079618|0,0566225991519082|0,0230235456227518|3898,44036216996|549,242892299323|4161,4400902709|517,862549400171
03 - For Whom the Bell Tolls|0,653919219274052|0,218763349141445|0,039114990781154|0,00947135675416465|3894,39648968221|984,75303375395|5492,93866204674|1149,8899373731
03 - Glass Onion|0,810224335575551|0,269220094310765|0,0370003854206815|0,0092831994574391|3051,48930658849|910,702619717783|4437,394607293|1231,05415109714
03 - Nocturne Op. 9 No. 3 in B major - Alegretto|0,313611338794321|0,161778288667201|0,0248304950225629|0,00725963195168302|1133,57579950102|465,756058632887|2728,27342348058|783,640313467149
03 - Rhinestone Eyes|0,877589097146384|0,17693687984934|0,163495770879158|0,0486532421338082|NaN|NaN|NaN|NaN
03 Locomotion|0,501991988846763|0,131150743647499|0,0632923259617288|0,0163509135389198|5489,41161212579|1007,21833141072|4347,07881099971|748,123299950562
03 Monstrous|0,895264343702719|0,245419548496646|0,00868500419510647|0,0767654514730927|2678,92882344209|1709,34517982685|3974,00550760154|862,254057934537
03. On the Run|0,360308154021061|0,16793178726517|0,0184131159436722|0,0107101575039609|2622,672517143|825,779061830162|3864,45554884333|871,656816843906
04 - Dancing Shoes|0,849706234916296|0,102895458657172|0,119367786117599|0,0282807957120174|3372,65933509675|668,547029682427|4093,37414148011|478,326909518148
04 - Eric Clapton - Tears In Heaven|0,446934897038794|0,186893408020634|0,0272115013945894|0,0220421543203458|3134,37318219269|896,791018867384|5331,94908888417|790,862124554002
04 - Fade to Black|0,797838180719802|0,20657625322396|0,0341566057979771|0,0214513202644108|3918,9231056017|1665,72843176387|4470,14659417585|905,88428064417
04 - Feel Good Inc|0,809162538913212|0,223898446040968|0,0809088641465793|0,0232189073935581|NaN|NaN|NaN|NaN
04 - Nocturne Op. 15 No. 1 in F major - Andante cantabile|0,627642538607159|0,214383583838529|0,0286854577201297|0,00683215783212239|867,242810251816|670,168746537365|2071,24381477916|1025,77816487546
04 - Ob-La-Di, Ob-La-Da|0,688442533641723|0,143040810837678|0,0321565849644267|0,0105075040586611|3928,88250130729|661,758920775114|4553,8738452624|673,272228218922
04 - The Wind Cries Mary|0,602693451666866|0,165755389073177|0,0263951563527518|0,0140269072569511|2615,77438883981|661,506484919671|3016,22262788437|404,620460247032
04 I'm Old Fashioned|0,567812602986806|0,148677562171877|0,0409691767622579|0,00918285542760096|5232,12591620266|1462,27426553941|7430,40949408755|1000,94183093262
04 Love Letters|0,595007782341917|0,330427708520623|0,0234018911993469|0,0359444080485624|2389,37440216129|905,520981950303|3476,49976170832|686,63318076229
04. Time|0,881564145301257|0,228708585249991|0,0615660219052586|0,0454031854654244|2895,48653130825|1388,47063442759|3556,07612620325|992,988605064281
05 - Clint Eastwood|0,799188245474947|0,159012964555521|0,0587768430123132|0,0161899275562115|NaN|NaN|NaN|NaN
05 - Eric Clapton - Lonely Stranger|0,82125171178948|0,196457999562603|0,0303635003061294|0,02314097062047|4673,99417033445|833,723874424681|5467,1501185368|602,319836083023
05 - Fire|0,793180171823043|0,224016283766371|0,0696841198213111|0,0256257548093964|2646,23965064887|NaN|2746,8487512347|NaN
05 - Nocturne Op. 15 No. 2 in F sharp major - Larghetto|0,760505817984631|0,211271282700417|0,0270300913852922|0,00685813926360921|1569,3139732637|664,100781670542|2238,86438122032|982,955795155788
05 - Trapped Under Ice|0,685615465065409|0,154202733360025|0,0486255065156929|0,00841311550270744|4574,43848009376|673,707204836612|4377,43024268822|723,920000592938
05 - Wild Honey Pie|0,390905914395123|0,202667140140886|0,0338024354420359|0,005641860302471|3192,49287358645|837,935227027849|3315,77689312402|701,83499320702
05 - You Probably Couldn't See For The Lights But You Were Staring Straight At Me|0,542408923205563|0,167697079718896|0,11664663597814|0,017692989085133|3595,70995299383|518,406971407562|3683,9834493502|464,803478896092
05 Lazy Bird|0,611178288495578|0,137737004492317|0,0392920759591246|0,0188417894491243|4879,76355406254|916,984559000195|5734,07253894928|510,405822414381
05 Month of Sundays|0,807050553676049|0,192068027564899|0,0465543436359101|0,0938116185850846|2866,26846383152|1892,5791736155|3381,93707599933|628,569787097365
05. The Great Gig in the Sky|0,928801108107186|0,304274195705697|0,0454658835801265|0,0132353621785096|2465,23523801489|917,898784626758|2520,95526765385|1065,28975906772
06 - Eric Clapton - Nobody Knows You When You're Down & Out|0,596162142564273|0,177569880595751|0,0617020794122316|0,025208459951571|5355,32645941235|756,088914092944|5486,59080103642|578,602398538362
06 - Escape|0,78200719584912|0,194693948433082|0,0419171033031594|0,00874933914652437|4261,89744371323|643,210250960246|4958,50428887914|768,210312896302
06 - Highway Chile|0,862600871162698|0,198764369533115|0,0758520601374181|0,0158685020567068|3036,15878547091|579,695188856103|3319,82802964646|525,810191690441
06 - Nocturne Op. 15 No. 3 in G minor - Lento|0,162071679428368|0,218511773696596|0,0190253747250505|0,005563480067028|789,766658433114|537,180336825283|3799,98705151199|874,216672535874
06 - Still Take You Home|0,922542578096505|0,243433872009658|0,0913399396811719|0,0200514327812496|3924,90903426641|NaN|5287,47197537318|NaN
06 - Stylo|0,599394771837705|0,114553326027893|0,0743781038118778|0,0172937051333808|NaN|NaN|NaN|NaN
06 - The Continuing Story Of Bungalow Bill|0,510449581660836|0,197955154971243|0,0170314274107022|0,00743611605846981|4160,54181447013|467,79741168903|4046,86718286872|662,968309588052
06 Boy Racers|0,744877538585335|0,106377004844796|0,0209301798226717|0,0203008215656814|2242,66768761803|615,957349496159|3989,79082386782|418,465056666092
06. Money|0,77024319784128|0,213315433309904|0,102723417764575|0,0416723722172965|2736,40962754307|877,208786039192|3932,86096047042|700,684435264846
07 - Creeping Death|0,830439060502162|0,0969431547888937|0,0546151522411692|0,0085618865019208|4130,87818230275|613,49023305426|5515,49454891457|645,459273959526
07 - Dare|0,864125798111001|0,168802237270017|0,11086419193179|0,0233116232707655|NaN|NaN|NaN|NaN
07 - Eric Clapton - Layla|0,693885047673537|0,166718131982048|0,0829497267511735|0,0233082963173131|4343,95565163297|918,26147789329|5559,96486901509|627,547649330548
07 - Little Wing|0,755533562404223|0,245245372224598|0,0661239483888524|0,0205245074432938|2101,84191950356|NaN|2776,49178447595|NaN
07 - Nocturne Op. 27 No. 1 in C sharp minor - Larghetto|0,706483738935797|0,255947951464797|0,0248078187714007|0,0057369838825119|1299,958824548|510,493863334299|2070,99536719721|847,029132968959
07 - Riot Van|0,801413750699186|0,198542465665512|0,0587314905099889|0,0140458795898817|2458,02997479703|457,909364460586|2972,37749094909|598,056264441331
07 - While My Guitar Gently Weeps|0,782439703029613|0,205059752894522|0,0392191585329014|0,00750642884448911|3466,34700411478|445,985790440126|3744,76174095236|451,012891034133
07 Call Me|0,704382629208561|0,19352511725742|0,0135830744461326|0,0314168791266514|2169,76217652706|1190,43469167341|3366,52828291371|828,670600922583
07. Us and Them|0,927698224528452|0,249563783457691|0,040794575840722|0,0119051778533252|2471,69795783858|490,169099501424|4353,19239413548|595,084687028534
08 - 54|0,600062889301663|0,25250858220948|0,0590716342774213|0,0239776658246652|NaN|NaN|NaN|NaN
08 - All Along The Watchtower|0,760670861287801|0,121640972278562|0,0465770198870723|0,0198808863905327|2584,54540671034|579,56078463787|2860,44144912771|297,821092114507
08 - Eric Clapton - Running On Faith|0,658939628575148|0,194486475901337|0,0399102020453979|0,0213483325157308|4169,67294173658|971,53688046794|4944,51856615123|685,212551194266
08 - Happiness Is A Warm Gun|0,911052279169813|0,219796650392133|0,0371149699476036|0,0105258512199195|3542,61513112821|961,939556293133|4235,41508045338|1057,49784121345
08 - Nocturne Op. 27 No. 2, in D flat major - Lento sostenuto|0,614669861162098|0,197470023545714|0,0237647112179415|0,0078743077821889|871,729367043164|656,756730146659|2888,31320654829|958,113436093953
08 - Red Light Indicates Doors Are Secured|0,870132170104209|0,158599965851736|0,0764869951699585|0,0139946687619626|3212,87044257051|NaN|4337,17799318358|NaN
08 - The Call of Ktulu|0,817549898302819|0,241778478870204|0,0384587339451453|0,0105914528797663|4006,96784706176|2119,16135478122|4861,37357457979|1158,38398029365
08 The Most Immaculate Haircut|0,620246582182601|0,283708359063038|0,0637656182679879|0,0417378347005767|3329,69033908025|1165,78569071741|4075,91375260473|643,25908357741
08. Any Colour You Like|0,289299560405197|0,179135654740488|0,0500464863148824|0,00973754646500476|1575,80468245683|523,508792486393|2109,53356667855|989,422323335547
09 - Eric Clapton - Walkin' Blues|0,551367447688489|0,193775062889634|0,0139005419624028|0,0193074360004011|4224,83248595463|1207,04256692353|3383,77738074512|994,249120986212
09 - Manic Depression|0,794178847325954|0,146836197627376|0,0820653529558493|0,0187577360890986|2949,05979208278|607,485888040975|2997,07109099115|370,355104380838
09 - Mardy Bum|0,578392136282516|0,195271663769426|0,0485725299893422|0,0265793291294059|4220,79025829337|880,89905747397|4780,2078209172|582,305926531068
09 - Martha My Dear|0,561914555116229|0,181909789997213|0,0226148189043636|0,0204691274194027|2764,45714530911|1824,38378073743|4578,24835002425|1124,43573806938
09 - Nocturne Op. 32 No. 1 in B major - Andante sostenuto|0,46305550373575|0,170969411445839|0,0162588720832672|0,00703852543480522|935,653508600068|420,182782887042|2162,83431573637|792,42674437828
09 - On Melancholy Hill|0,958723285740629|0,219728338015422|0,0641057620354203|0,0124786417586|NaN|NaN|NaN|NaN
09 Reservoir|0,795202699585153|0,178541771457734|0,0292296877480215|0,104560136053488|4032,3323657348|1943,29412090042|5529,32059223646|509,135598280789
09. Brain Damage|0,237663791979919|0,29763364581126|0,0375745481756956|0,0101365174875286|4216,95378058552|781,307923126188|5360,32886053866|904,881906725597
10 - Eric Clapton - Alberta|0,677866569765057|0,203865807206509|0,0560330166216921|0,0197824901532129|5032,66269171158|672,073396471015|5419,71694998534|482,998414236257
10 - Foxy Lady|0,764464165691843|0,228653333111977|0,0308170253293725|0,0195825350277009|4878,27055285586|NaN|5041,6296402658|NaN
10 - I'm So Tired|0,369646776253802|0,241396533809562|0,043948374462234|0,0130016033046274|2990,86004803252|444,117225645997|3585,0674768551|874,997111991218
10 - Lil' Dub Chefin'|0,650117046898238|0,175144372640488|0,142973763577405|0,0224565356178881|NaN|NaN|NaN|NaN
10 - Nocturne Op. 32 No. 2 in A flat major - Lento|0,667794251924594|0,204144347921294|0,0254654300551033|0,00628000673979074|1112,54741310566|648,031702033423|1690,21879209897|979,955611104287
10 - Perhaps Vampires Is A Bit Strong But..|0,760626814298531|0,243730468325335|0,0335154992176693|0,0275258935734977|2208,56459800274|705,084773498898|3424,52136734258|728,209713502011
10 Never Wanted|0,642285438561858|0,261225900992712|0,0848318555976326|0,0584663994794915|3615,36791115802|1810,50823181302|4445,06934095983|880,086789372853
10. Eclipse|0,817433522329671|0,334428932532936|0,0486632349939908|0,0138638091978494|1814,65079242876|NaN|2873,9546408658|NaN
11 - Blackbird|0,354350486438905|0,187687051156141|0,00935426410691778|0,0124500358943276|3310,83366204664|480,915076773879|5167,11680830799|844,352336243292
11 - Eric Clapton - San Francisco Bay Blues|0,788714816799241|0,188986961135593|0,155264291707295|0,0208003707373538|5835,16311587235|827,124105509004|5714,71414355382|675,904309094559
11 - Nocturne Op. 37 No. 1 in G minor - Andante sostenuto|0,163305402949121|0,181894216660424|0,0145354769949432|0,00605411364604383|1013,35391057349|722,459525318362|2911,19378673675|963,223244692194
11 - People|0,9628333684592|0,18091855173532|0,0394566770221547|0,025680167877636|NaN|NaN|NaN|NaN
11 - Spanish Castle Magic|0,845111824071328|0,197172888207974|0,0838567767976598|0,0189432033647524|2604,56943305316|NaN|2608,13843187926|NaN
11 - When The Sun Goes Down|0,707075600320181|0,277417040227252|0,0804553391233361|0,0221702897587405|2912,42015694111|NaN|3309,10134039626|NaN
12 - Burning Of The Midnight Lamp|0,752239734363023|0,124890316143658|0,0650354883330688|0,0153085441967547|2493,31609636846|539,408374912726|2643,58780777475|405,522234761973
12 - Eric Clapton - Malted Milk|0,357148613365184|0,188479488840132|0,0472346311707748|0,0251849242556624|3433,48943452235|1254,25416215706|5979,82982967694|924,889922195153
12 - From The Ritz To The Rubble|0,887782528639387|0,217973294149521|0,0905689471416585|0,021803679467475|3794,88744714288|NaN|4119,73683332011|NaN
12 - Piggies|0,633189895216199|0,219182026030951|0,040240002500026|0,0103431911281679|3850,80235437573|785,512237552741|4276,31424756325|563,722428721574
12 - Tomorrow Comes Today|0,790480182846714|0,138855126769048|0,0164176058414023|0,010369709253298|NaN|NaN|NaN|NaN
13 - A Certain Romance|0,799151664195608|0,200748839042582|0,0589809292727726|0,0218908902029712|3827,52898275329|990,68036250733|3665,06494035127|818,664854258633
13 - Castles Made Of Sand|0,732445954577717|0,292148714871134|0,067938048481825|0,0208282456548825|3293,77975527663|684,172424207107|3791,73066684084|612,90435209169
13 - Eric Clapton - Old Love|0,532288269595822|0,171305323592175|0,0501145150683689|0,0239976810980872|3726,60047840232|NaN|4044,81343112146|NaN
13 - Kids With Guns|0,764814153237044|0,173636664607093|0,0437878409941269|0,0215711914349188|NaN|NaN|NaN|NaN
13 - Rocky Raccoon|0,854530519472546|0,224995162524819|0,030333649308847|0,00772929941680824|3519,64708770813|647,505238702819|5139,87005355769|638,108852161828
14 - 51st Anniversary|0,881133249791345|0,158723207162774|0,044377423524343|0,0188091798974533|2953,91792966613|867,120749689755|3348,2825714513|542,076366552572
14 - Dirty Harry|0,414878063699933|0,243140712124721|0,0740833125467698|0,0201333640311183|NaN|NaN|NaN|NaN
14 - Don't Pass Me By|0,768818474998877|0,207556536501123|0,0328753424514839|0,00659712468902931|2709,60632004803|657,187725271956|3449,09259576293|835,254298114809
14 - Eric Clapton - Rollin' & Tumblin'|0,844111766631671|0,187189095459824|0,113041112043357|0,0175052757397147|5284,71263163296|638,760526628805|5393,14436175536|594,579384563431
15 - 19-2000|0,808637006811761|0,165325832931394|0,0301140615433457|0,010198895914035|NaN|NaN|NaN|NaN
15 - Can You See Me|1|0,172623035426242|0,0717023061747432|0,0187611456155039|2166,30201250373|722,960496954389|2581,80250468545|502,440687329016
15 - Why Don't We Do It In The Road|0,696015691003008|0,221141864312536|0,0278857071427827|0,0135311579688459|2715,04412541388|752,80773011725|4324,72015723154|788,598936871343
16 - I Will|1|0,165402625358416|0,029083636287878|0,018506528440687|3216,46866075063|867,732949768679|4581,21532320991|844,975298631985
16 - Last Living Souls|0,379126645223205|0,228992073104047|0,0586407855053403|0,0216625373486752|NaN|NaN|NaN|NaN
16 - May This Be Love|0,0410307880702739|0,184333817698062|0,0400235833012086|0,0211130624341885|2320,94953384123|884,459390980163|2591,5266822683|648,561175608434
17 - Come On (Let The Good Times Roll)|0,63134815466377|0,185682235610839|0,0957844849089548|0,0212646775142143|2697,06132637241|506,329664571972|3059,04878329072|419,577838286539
17 - Julia|0,427598422000544|0,160128112328641|0,0123542953572433|0,00619921846291908|2249,52271128784|855,994097962214|4170,9607203442|997,249985424211
17 - Rock The House|0,758655307321084|0,163949516667007|0,0370076418966417|0,0176450990421588|NaN|NaN|NaN|NaN
18 - Ain't No Telling|0,719520808562293|0,203886493212578|0,0654209846028255|0,0179631183398174|2818,09063480948|NaN|2648,84234627239|NaN
18 - El Manana|0,962981555081021|0,223291980650313|0,091067824667226|0,0316511891079651|NaN|NaN|NaN|NaN
19 - Re-Hash|0,569767314424171|0,123853574438779|0,0387537132361278|0,0182665490001769|NaN|NaN|NaN|NaN
19 - Voodoo Child (Slight Return)|0,681452886896238|0,178158494678535|0,0377106056826685|0,0237248439200902|1825,39720668008|619,481149844459|2715,48756102584|511,156759700451
20 - Every Planet We Reach Is Dead|0,682543421890261|0,155703439225167|0,06147531690061|0,0249556586954163|NaN|NaN|NaN|NaN
20 - I Don't Live Today|0,52047621898008|0,194126406072078|0,0873715957277943|0,0206976346723779|3178,96694887487|760,884812090741|3357,84189817059|575,574023778591
21 - Hong Kong|0,76202181023399|0,17208224628617|0,0549899090682328|0,0204402672342048|NaN|NaN|NaN|NaN
21 - Red House|0,691221549979427|0,129744126212508|0,0283226377015352|0,0127670099917532|1771,63178206843|NaN|2594,03533776148|NaN
22 - Up From The Skies|0,69166581086045|0,190294611911754|0,0323590104083993|0,015357014154618|2913,66335773911|744,989126533283|3573,45956822764|477,18092609409
23 - Wait Until Tomorrow|0,773215495238967|0,201942410402016|0,0283906664550217|0,0278461955407526|3642,88544545795|765,158172305587|3951,01383064649|559,989957903811
24 - Rainy Day, Dream Away|0,821300783981318|0,224563016064487|0,0493888750311798|0,0163371622103059|2648,17202677854|414,499736002316|3099,4655857911|414,667965825296
A1. Human After All|0,685542875341937|0,139854019177852|0,0311461577724768|0,00589940932260342|3982,55838387319|299,108963904176|5186,84082908347|383,751250967191
A2. The Prime Time of Your Life|0,904030341123884|0,165659048861483|0,0365941311888665|0,0121785583253696|4680,10609298088|770,889389585982|5673,4877102227|428,504633699602
A3. Robot Rock|0,314122375796331|0,156070683560973|0,0399170824696091|0,0160425464073215|4883,15973524318|503,376868110095|4945,15781426564|263,099371231662
B1. Steam Machine|0,123296002220881|0,225783948376176|0,0363128782591485|0,015946607135517|5392,70441696047|516,414017251354|5125,20286014608|481,814441149428
B2. Make Love|0,79088659368447|0,267779242140435|0,0244794216606423|0,00477924651087122|4142,34508548315|311,31792466793|5347,10927948664|517,871809930543
C1. The Brainwasher|0,517042494798331|0,130977050033655|0,0496463504828175|0,0129567183648252|4628,06428672279|343,780523296409|4409,3244533063|323,642289441428
C2. OnOff|0|0,232644415490421|0,0379899790622819|0,00875439215739919|2254,98490541332|464,192737907521|3449,77999582731|407,701738238745
C3. Television Rules the Nation|0,975290915922185|0,189888152054933|0,0310836571214283|0,00336880177810913|4063,79690051777|314,112855980407|4585,62004231799|415,688936581676
D1. Technologic|0,691101289558657|0,223684424710472|0,0358024562755862|0,00917969434670588|5156,76413234691|588,728898993596|5231,19717202203|426,965908356476
D2. Emotion|0,416266665638139|0,251655050755505|0,0171980958134981|0,0068385774891974|3360,55042326568|585,602047065359|4282,38731141519|550,980469248432
